#INFOFILE1.1 - Do not remove this line!
FileIdent = IPGRoad 11.0
FileCreator = CarMaker/HIL 11.1.2
LibVersion = 11.1.2
Country = DEU
nLinks = 1
nJunctions = 0
nObjects = 58
nRoutes = 1
RoadNetworkLength = 50
BBox = -10.1303511071548 60 -17.0918941562254 18.1937862225434 -11 11
Route.0.Length = 50
RST.Unit = kmh
RST = 50 100 130 30 70 30 0 -1
Movie = 0.2 1 0.01 1.5 1.5 1 1
Movie.BgGeoFName = tclgeo/Draw_SensorLines.tclgeo
Visualization.SamplingParams = 0.2 1 0.01
Visualization.RoadsideWidth = 1.5 1.5
Visualization.RoadsideSlope = 1 1
Visualization.IPGMovie.BgGeoFName = tclgeo/Draw_SensorLines.tclgeo
Visualization.MovieNX.RenderMask = 4095
PathMode = -1
Link.0.ID = 0
Link.0.Node0 = 0 0 0 0
Link.0.Node1 = 50 0 0 0
Link.0.RST = Countryroad
Link.0.RL.ID = 1
Link.0.Seg.0.ID = 5
Link.0.Seg.0.Type = Straight
Link.0.Seg.0.Param = 50 0 0 0 0 0 0 0
Link.0.LaneSection.0.ID = 6
Link.0.LaneSection.0.Start = 0
Link.0.LaneSection.0.LaneL.0.ID = 7
Link.0.LaneSection.0.LaneL.0 = 0 3.5 3.5 0 0 0 0
Link.0.LaneSection.0.LaneL.0.ARP = 8 9 10 11 12 13
Link.0.LaneSection.0.LaneL.1.ID = 16
Link.0.LaneSection.0.LaneL.1 = 0 1 1 4 0 0 0
Link.0.LaneSection.0.LaneL.1.ARP = 17 18 19 20 21 22
Link.0.LaneSection.0.LaneL.2.ID = 24
Link.0.LaneSection.0.LaneL.2 = 0 2.5 2.5 5 0 0 0
Link.0.LaneSection.0.LaneR.0.ID = 25
Link.0.LaneSection.0.LaneR.0 = 0 3.5 3.5 0 0 0 0
Link.0.LaneSection.0.LaneR.0.ARP = 26 27 28 29 30 31
Link.0.LaneSection.0.LaneR.1.ID = 34
Link.0.LaneSection.0.LaneR.1 = 0 1 1 4 0 0 0
Link.0.LaneSection.0.LaneR.1.ARP = 35 36 37 38 39 40
Link.0.LaneSection.0.LaneR.2.ID = 42
Link.0.LaneSection.0.LaneR.2 = 0 2.5 2.5 5 0 0 0
LanePath.0 = 14 7 2 10 0.1 0.1 -1
LanePath.1 = 23 16 0.25 10 0.1 0.1 -1
LanePath.2 = 32 25 2 10 0.1 0.1 -1
LanePath.3 = 41 34 0.25 10 0.1 0.1 -1
Route.0.ID = 56
Route.0.Name = Route_0
Route.0.DrvPath.ID = 57
Route.0.DrvPath:
	32
RL.1.RoadMarking.0.ID = 15 7
RL.1.RoadMarking.0 = 0 0 0 1 0 1 0.15 0 1 0 0 2 4 1 1 0 ""
RL.1.RoadMarking.0.Material.0 = 1.0,1.0,1.0 0 0 0 0 0 0 1 1 0 0 0
RL.1.RoadMarking.1.ID = 33 25
RL.1.RoadMarking.1 = 0 0 0 1 0 -1 0.15 0 1 0 0 2 4 1 1 0 ""
RL.1.RoadMarking.1.Material.0 = 1.0,1.0,1.0 0 0 0 0 0 0 1 1 0 0 0
RL.1.RoadMarking.2.ID = 43 6
RL.1.RoadMarking.2 = 0 0 0 1 0 0 0.15 0 2 0 0 2 4 1 1 0 ""
RL.1.RoadMarking.2.Material.0 = 1.0,1.0,1.0 0 0 0 0 0 0 1 1 0 0 0
MaxUsedObjId = 57
